0
502
1
565
2
589
3
624
4
661
5
696
6
729
7
761
8
797
9
833
10
867
11
902
12
936
13
971
14
985
15
984
16
983
17
982
18
981
19
980
20
979
21
978
22
977
23
976
24
975
25
974
26
973
27
972
28
971
29
970
30
969
31
968
32
967
33
966
34
965
35
964
36
963
37
962
38
961
39
960
40
959
41
958
42
957
43
956
44
955
45
954
46
953
47
952
48
951
49
950
50
949
51
948
52
947
53
946
54
945
55
944
56
943
57
942
58
941
59
940
60
939
61
938
62
937
63
936
64
935
65
934
66
933
67
932
68
931
69
930
70
929
71
928
72
927
73
926
74
925
75
924
76
923
77
922
78
921
79
920
80
919
81
918
82
917
83
916
84
915
85
914
86
913
87
912
88
911
89
910
90
909
91
908
92
907
93
906
94
905
95
904
96
903
97
902
98
901
99
900
0
899
1
898
2
897
3
896
4
895
5
894
6
893
7
892
8
891
9
890
10
889
11
888
12
887
13
886
14
885
15
884
16
883
17
882
18
881
19
880
20
879
21
878
22
877
23
876
24
875
25
874
26
873
27
872
28
871
29
870
30
869
31
868
32
867
33
866
34
865
35
864
36
863
37
862
38
861
39
860
40
859
41
858
42
857
43
856
44
855
45
854
46
853
47
852
48
851
49
850
50
849
51
848
52
847
53
846
54
845
55
844
56
843
57
842
58
841
59
840
60
839
61
838
62
837
63
836
64
835
65
834
66
833
67
832
68
831
69
830
70
829
71
828
72
827
73
826
74
825
75
824
76
823
77
822
78
821
79
820
80
819
81
818
82
817
83
816
84
815
85
814
86
813
87
812
88
811
89
810
90
809
91
808
92
807
93
806
94
805
95
804
96
803
97
802
98
801
99
800
0
799
1
798
2
797
3
796
4
795
5
794
6
793
7
792
8
791
9
790
10
789
11
788
12
787
13
786
14
785
15
784
16
783
17
782
18
781
19
780
20
779
21
778
22
777
23
776
24
775
25
774
26
773
27
772
28
771
29
770
30
769
31
768
32
767
33
766
34
765
35
764
36
763
37
762
38
761
39
760
40
759
41
758
42
757
43
756
44
755
45
754
46
753
47
752
48
751
49
750
50
749
51
748
52
747
53
746
54
745
55
744
56
743
57
742
58
741
59
740
60
739
61
738
62
737
63
736
64
735
65
734
66
733
67
732
68
731
69
730
70
729
71
728
72
727
73
726
74
725
75
724
76
723
77
722
78
721
79
720
80
719
81
718
82
717
83
716
84
715
85
714
86
713
87
712
88
711
89
710
90
709
91
708
92
707
93
706
94
705
95
704
96
703
97
702
98
701
99
700
0
699
1
698
2
697
3
696
4
695
5
694
6
693
7
692
8
691
9
690
10
689
11
688
12
687
13
686
14
685
15
684
16
683
17
682
18
681
19
680
20
679
21
678
22
677
23
676
24
675
25
674
26
673
27
672
28
671
29
670
30
669
31
668
32
667
33
666
34
665
35
664
36
663
37
662
38
661
39
660
40
659
41
658
42
657
43
656
44
655
45
654
46
653
47
652
48
651
49
650
50
649
51
648
52
647
53
646
54
645
55
644
56
643
57
642
58
641
59
640
60
639
61
638
62
637
63
636
64
635
65
634
66
633
67
632
68
631
69
630
70
629
71
628
72
627
73
626
74
625
75
624
76
623
77
622
78
621
79
620
80
619
81
618
82
617
83
616
84
615
85
614
86
613
87
612
88
611
89
610
90
609
91
608
92
607
93
606
94
605
95
604
96
603
97
602
98
601
99
600
0
599
1
598
2
597
3
596
4
595
5
594
6
593
7
592
8
591
9
590
10
589
11
588
12
587
13
586
14
585
15
584
16
583
17
582
18
581
19
580
20
579
21
578
22
577
23
576
24
575
25
574
26
573
27
572
28
571
29
570
30
569
31
568
32
567
33
566
34
565
35
564
36
563
37
562
38
561
39
560
40
559
41
558
42
557
43
556
44
555
45
554
46
553
47
552
48
551
49
550
50
549
51
548
52
547
53
546
54
545
55
544
56
543
57
542
58
541
59
540
60
539
61
538
62
537
63
536
64
535
65
534
66
533
67
532
68
531
69
530
70
529
71
528
72
527
73
526
74
525
75
524
76
523
77
522
78
521
79
520
80
519
81
518
82
517
83
516
84
515
85
514
86
513
87
512
88
511
89
510
90
509
91
508
92
507
93
506
94
505
95
504
96
503
97
502
98
501
99
500
0
499
1
498
2
497
3
496
4
495
5
494
6
493
7
492
8
491
9
490
10
489
11
488
12
487
13
486
14
485
15
484
16
483
17
482
18
481
19
480
20
479
21
478
22
477
23
476
24
475
25
474
26
473
27
472
28
471
29
470
30
469
31
468
32
467
33
466
34
465
35
464
36
463
37
462
38
461
39
460
40
459
41
458
42
457
43
456
44
455
45
454
46
453
47
452
48
451
49
450
50
449
51
448
52
447
53
446
54
445
55
444
56
443
57
442
58
441
59
440
60
439
61
438
62
437
63
436
64
435
65
434
66
433
67
432
68
431
69
430
70
429
71
428
72
427
73
426
74
425
75
424
76
423
77
422
78
421
79
420
80
419
81
418
82
417
83
416
84
415
85
414
86
413
87
412
88
411
89
410
90
409
91
408
92
407
93
406
94
405
95
404
96
403
97
402
98
401
99
400
0
399
1
398
2
397
3
396
4
395
5
394
6
393
7
392
8
391
9
390
10
389
11
388
12
387
13
386
14
385
15
384
16
383
17
382
18
381
19
380
20
379
21
378
22
377
23
376
24
375
25
374
26
373
27
372
28
371
29
370
30
369
31
368
32
367
33
366
34
365
35
364
36
363
37
362
38
361
39
360
40
359
41
358
42
357
43
356
44
355
45
354
46
353
47
352
48
351
49
350
50
349
51
348
52
347
53
346
54
345
55
344
56
343
57
342
58
341
59
340
60
339
61
338
62
337
63
336
64
335
65
334
66
333
67
332
68
331
69
330
70
329
71
328
72
327
73
326
74
325
75
324
76
323
77
322
78
321
79
320
80
319
81
318
82
317
83
316
84
315
85
314
86
313
87
312
88
311
89
310
90
309
91
308
92
307
93
306
94
305
95
304
96
303
97
302
98
301
99
300
0
299
1
298
2
297
3
296
4
295
5
294
6
293
7
292
8
291
9
290
10
289
11
288
12
287
13
286
14
285
15
284
16
283
17
282
18
281
19
280
20
279
21
278
22
277
23
276
24
275
25
274
26
273
27
272
28
271
29
270
30
269
31
268
32
267
33
266
34
265
35
264
36
263
37
262
38
261
39
260
40
259
41
258
42
257
43
256
44
255
45
254
46
253
47
252
48
251
49
250
50
249
51
248
52
247
53
246
54
245
55
244
56
243
57
242
58
241
59
240
60
239
61
238
62
237
63
236
64
235
65
234
66
233
67
232
68
231
69
230
70
229
71
228
72
227
73
226
74
225
75
224
76
223
77
222
78
221
79
220
80
219
81
218
82
217
83
216
84
215
85
214
86
213
87
212
88
211
89
210
90
209
91
208
92
207
93
206
94
205
95
204
96
203
97
202
98
201
99
200
0
199
1
198
2
197
3
196
4
195
5
194
6
193
7
192
8
191
9
190
10
189
11
188
12
187
13
186
14
185
15
184
16
183
17
182
18
181
19
180
20
179
21
178
22
177
23
176
24
175
25
174
26
173
27
172
28
171
29
170
30
169
31
168
32
167
33
166
34
165
35
164
36
163
37
162
38
161
39
160
40
159
41
158
42
157
43
156
44
155
45
154
46
153
47
152
48
151
49
150
50
149
51
148
52
147
53
146
54
145
55
144
56
143
57
142
58
141
59
140
60
139
61
138
62
137
63
136
64
135
65
134
66
133
67
132
68
131
69
130
70
129
71
128
72
127
73
126
74
125
75
124
76
123
77
122
78
121
79
120
80
119
81
118
82
117
83
116
84
115
85
114
86
113
87
112
88
111
89
110
90
109
91
108
92
107
93
106
94
105
95
104
96
103
97
102
98
101
99
100
0
99
1
98
2
97
3
96
4
95
5
94
6
93
7
92
8
91
9
90
10
89
11
88
12
87
13
86
14
85
15
84
16
83
17
82
18
81
19
80
20
79
21
78
22
77
23
76
24
75
25
74
26
73
27
72
28
71
29
70
30
69
31
68
32
67
33
66
34
65
35
64
36
63
37
62
38
61
39
60
40
59
41
58
42
57
43
56
44
55
45
54
46
53
47
52
48
51
49
50
50
49
51
48
52
47
53
46
54
45
55
44
56
43
57
42
58
41
59
40
60
39
61
38
62
37
63
36
64
35
65
34
66
33
67
32
68
31
69
30
70
29
71
28
72
27
73
26
74
25
75
24
76
23
77
22
78
21
79
20
80
19
81
18
82
17
83
16
84
15
85
14
86
13
87
12
88
11
89
10
90
9
91
8
92
7
93
6
94
5
95
4
96
3
97
2
98
1
99
0
